236216
275288
311192
344192
376532
409268
442664
473420
502460
534536
567932
597632
629312
661124
692936
731084
763952
795104
827708
857012
888428
919580
948620
981752
1011188
1041812
1074944
1107812
1139360
1168928
1201928
1232684
1265684
1298288
1330232
1360592
1391216
1423688
1456556
1487972
1520576
1552652
1585520
1617992
1649408
1679504
1711316
1741676
1772828
1803584
1832888
1864040
2002904
2065604
2099924
2131604
2161304
2191928
2218856
2248820
2276144
2302280
2329472
2359700
2390720
2420948
2449196
2477180
2506748
2536712
2565092
2593208
2621720
process
