15344
34616
55472
77120
94012
109060
123844
140212
155788
172156
188524
204364
221260
236308
252412
267988
283564
298348
314452
331348
347716
364612
381508
397348
413980
429028
444340
460180
476548
492916
510076
527236
543340
559708
575812
591652
608548
623332
638644
654748
669796
686164
702796
719428
735268
750580
767212
781996
798100
814732
813756
794264
796536
796568
793032
794864
794704
796220
796456
800468
800472
800632
793160
797652
797892
800020
795316
797788
794508
789572
796584
794412
821016
850236
880596
910164
939732
971148
999660
1.0g
1.0g
1.0g
1.1g
1.1g
1.1g
1.2g
1.2g
1.2g
1.2g
1.3g
1.3g
1.3g
1.4g
1.4g
1.4g
1.4g
1.5g
1.5g
1.5g
1.6g
1.6g
1.6g
1.6g
1.6g
1.6g
1.6g
1.6g
1.6g
1.6g
1.6g
1.6g
6337
