235160
254168
275156
296804
313832
329408
344060
360692
376400
392504
409136
425108
442004
457448
473552
489260
504836
519752
536120
552884
569648
586808
603308
619412
636308
651488
666800
682772
699404
715772
733064
750224
766724
783092
799328
815564
832328
847508
862952
879056
894104
911132
927632
944528
960368
975812
992576
1007756
1023992
1040756
1074020
1103192
1121540
1138436
1160744
1176584
1193348
1209716
1225952
1240472
1254860
1270832
1286804
1303172
1320068
1334324
1349372
1363628
1379336
1393856
1410884
1424348
process
